$ANSIBLE_VAULT;1.1;AES256
35613364373433316166356636316530376531666230613636383730353837363965303331363165
3738393565383638313338616564616366346631303362390a623732386261326535353735626664
32653662656436323937333739643936353634346431356166623663356331366538653363396530
3934623637373139630a633462356238393339613335613939343165373261323364633434336465
38646230373936373265363366323432653533313133653062383636623136313132346462393837
61313437623435313031623164336635303431383933363534396336396565653666343536393939
34663364376634366166653232366331366632666264346362333532623063346334303938366535
35646533636231373862373730356664663534663465376164326335646436666533643364653664
33393934346632316365353739666234646435643130666436653535353963343232623432623861
66623538306661653633303235393437306336393765353865316265356138353735323232633437
38666433363462366137383438633930373833386264613731326635303465316136396133393434
33613165393262653536363366386265346261633430396136306130336135333762396134663038
39393865343633363837393731353665396538643937613766636661376165373166633930303263
61623138396435653663633164626436393637623935316365343935656663653239633165633861
34663230383736376133643331396466613762373462346135623262346131376464636333353739
66393934653532326465346663366462353630313665653366623830323239306438616365393831
38306166666366643731656633316164346638343732663265326232666461356632656538386466
37333161363561613930616361633139633331383361316331313334623535616165643336393366
36646462363264356361363130663435363432396666326334326135313831613333316334396436
33363438306562616165373262653063306363623532663834313030383632343031333630323735
35373537333661633663393562396231663465663938306436616664666335613836393663353631
37353065343266623736393832653039636338646662653431343130346330636164356534613034
38303266663666323564383935643139663061623966633362366232623932393236343333386338
36343565396163376465383235666332653733396431643562623664346435353163636235646663
62346663386532366164373465643962643733333431346631646363323439626634663330626265
65343236323030663037346533633664346365663137346366313631306333633564383730303431
34656632336330306132646632373630383064386338366135336535356465333166626363616335
64343961643135346438326434646261393036326636613662383139333663613434623439363838
37613430313732373837353934363430333939383730653236613439326532663138343963663463
34363938323632346430646533613661623564623463343133383436663861386136306165393464
33323362336239633235323365646132306133313364336661376532376336613238636463633036
30333566343764383064323834366466633761313464366364643636393234323437663933343763
64333837323562336330653235343932643230616532333630363062303839623131643562646262
31393739326630373134353639346539323836373738643266656438346163653139643466653736
65326137653039366434316464343232646466363638356534363838313838396462643163356265
62373439313635383432623031633134373330656139653663366538643932326137623664333863
36616562303762626163373262646566613738323635376437653232363463343432393463353139
31313861396365663237376335336361373332373432393761356137613437376339333937633933
363231623532663430396338393136386564
