$ANSIBLE_VAULT;1.1;AES256
34353031613365626233333231633038656637383039383439376334633636313262663730373663
6465646461633139626537383565306235313534363463630a643133653538373062623036353564
32646532353135313233313833383864633762366435356238613763316364303062633531373765
3561323133323833640a623931313437343566326533616539383833613433363933633063376639
30613762356263613562306134346439636337363039636138386237346339343164356663383539
39303535393131356235336266383535653362653035653538323635616635653566343962636431
31646163313861623939616534656561326438636638303738393831383263336139633038303034
34653932396264396139316261353862326231373632336165363233366636303034666137643364
34366639303466616430643934646637353562303065613161353539303138613761313032393437
31633930383239343165386434656365306363333662366531306432643138326666633064323666
64376562336263373935303534633034636366356431306634326563333835363962386339643732
31623064653464386461326639646434636638666465373532666232636561623339373334633837
31313837646564346639613762303864306464386139613130323065633136303062316131383639
66643563623138313437633135363934616363316632623631613262626532333930383234393438
36386438613566303566643836383439646135363637326433313730656133353738393662313831
35343831633739333130653630383466626536386336313936393862653433313862633261383139
37633964336662323436663239316534643065666630353633306435643137316231636133313137
65336432306465626163663638666561316435383464636632623031623864313037633665326161
65653761613731313361383039656239373431396431636264613836656366333930323965303136
38366264383063346332386234306163336264316261393565303133383235623135646164396130
31643738343137613964336337366636303165343932623031326139383939323332386661313232
38306333316365316333353462613030363262653231373231363939633638653265356464303637
33623964353361663938396264626664623438663236633438633662653264356562653837336231
32643639646236306435616332356162343736353730353739333431626431313130343633393032
35613138666532613832326464646331313062663432633930666362373936633565666330346266
63326362356666636537346431663236333036623930306165666336303235383532356162633831
65363930306331653166323136383930303739363036356633303532336362356431363931393061
33366361643738333034353462353366646165383566656461353334626133633662353230376461
31663237363663396139376634326331623131356333656139373333636333636231393034633165
65656634613435336162346134616165623332383264366535326134383430363864326336356664
33393534656263616266333038633161353830633733623035616531393066626338313732373764
34356164336266316466363839613738333061346631343833623533623962633166313933616233
33346435363939646137663061376439626235343433633837633932326266663565383162376332
65323533353739333262613537326262346364343139616637396462313031313233306633373634
62613162373762636663643336656563626236626562363261656261373530366239633661323736
64396237313635646164353063313339633936613034326338346566353736383331346166343330
66383361633030383130656435393139386535656130616238313037623635633861653765393266
37323963656531393164643439386663353136393164393835306639366634663831303931653034
61363833396436666162363336353539383166303938356262306533663437336364346263303535
35363166626139626537666538303065636434326533656365323830636434643864303464376430
36373064646338656436353165353139613365303266653937643432393536653932313866623865
65333963306138386637363664623437613633623361636263376564666462626131643832633661
66303665616263306231633733626532356264346262363830333763313865626331316134323865
37336635333832666135626430376131623634633765333433346430663739666231663436616532
66346634643330343437366263396230313037363933636135346162653035643266333636323861
35613761313536313465633466383466653137653131636665653037393539623633636163373930
35663837653765643963306331316337663466623165333664313535326364303838666238333239
38383862623433323932353734633237643238326439366164663130313937356161633638616564
37666234323766323465623361366335313865363032383362376331383831353133333232326330
36376639356666643666396663663462393435353533663364623461393264653336393330326130
36653763313132343936373561623966393236353233616430393265373438333338306365393035
62336137633065353732626539396335366162623761633238623762343633386235646335336262
35653066303635663532333634613539313630363861323530616661366634366334306164643630
30666639386461363630373930393363653134643266383363363165643337616464376664633235
36636165386135666263623033653662386162366432653639356130633366323332386465306238
36386663373938623862366638323231613766393831653031643234356534376661646132386133
62633638623634616261313962326566336362343436356233306338323133656130373933333963
38363663306630323065666232643731303437343166633463306338663434613364633839636433
61656430316436633034343765396164393264343438343661393932336230366465333830663764
36613965346461326231333565336663656132323335323439643961316430306631313763633936
32303434313435326463633135326436336361343062623534663436663861386137633161333337
34333262663534393063383439396164663666636437646662613930383538306233363433373034
30343965653739323263633464363638623932663334323865313938356461346330653339356661
64313964663064643336613161396432633462356431656365396463313439316131663836303265
39613433373434393934613835346565653431316438646663666365643463343766393263623031
37333237316639336636643634363463386163646238643435393731363130346139393139323733
62623764633763323263633431333264393662373339613961663062353631663564343938343632
37356464373130306335313736316337366236633835363034313230656263666430616438386632
65376166613535376537656462366634323430663962663265643836326633323461383333653031
34336362323438623732323538663936333436393335623463613830396332346563663637313037
64626139653733333135616238643536656632633837316463323935313132613734663566393139
65343237616263376362613038353763653761613132303261313534636233333332663432646366
65373266396439373162653863346465663864393061633438323437616436336639313364376138
31386133613236303530613364326538663437303664346132366133366335393336666165616637
62626461646566383132363161393165316231633533623035633966643232356363646438613262
33626330383931643430626330656561336662343464373237323863353532666162323336393634
35336338393534633831633835366237623761623934313462323361633736323763373963313638
61373130363130633435356135663331656630636163383161303664353665313330383964363665
33366239386531613562383130336539333362373539366231326463383830653230643532353064
36386234383635313639623865303363303931383034646138663937343137383431643733633135
35373330383463383063373865356666303538613865323865376433353338653430666264313130
39623031366336656466346436363332326133383930386630386465376666626337633231353963
35356430353166383237393531386532653436306262653136393331653238643937626562386265
36316639663336363539363031343038316236643764303237396665373932353565336235663337
38316230313535363430336365343562666664343433323030313235363062363661626237363239
39363331373731386164393930326231656631626636633732393332386664656637666533653062
66313763616366643565326566306465666537336363393230373438643161613062366232336639
36656437643931646137383865376262343534393561396662313064363234373164643235353732
34613334633761323466373166613561376631386534363636383365653666356237326663363237
38373730653032323435663539303632356137626432623039393264303037626432346164646433
31633337353532643834613436363762323334353039313166613636326537313663336139336233
62633262383165393161336563393861343265326236303839333131646263663239623862303630
30396439376463313866323663386335356230386132626364636332326536643166633634653938
30323963316265333962313436666231323065303866633061616439613631356366323032396631
62633639663437316237613439656164396239636366356135616532663236393839336336326234
30396665663037343437613464393339653534373631366531393235363663393565623434306663
62613834383962666561626237373664666435616362343034393439646166653036346136376438
34343335313734663366636466643963343736303539363732636636346438373364653330626561
36356132373937663765666236613034623565633934666136643939656564653338373335363738
31653466333437303538393234306338623239323338353063623666323534666538393032663533
38306662393238356162323531623265376661656631303061633337356333303864313735326664
64663334353864396337653262386232623065666533366635613261623731643134316262376366
33326664396163303865313861363766636566646563326637643066666162633237343130666335
61636365666535313031663830656165383338643864363466356437373935373565623337326666
35643266383935366363633565316164663330333262373464313234626166303033343038613765
61616262363736396132323136373361356264316538323934663832386664373664346264363361
39663736666364643138663833373437356161333565663437313031383436346138353038303533
37313365336436393165323862363336383166316563333633373732666539326634363737356266
63383766373530396366343932353930663966636365383033303638383464623935336661326333
66636363623135663263373336343363363832626132383933366362663036653664393339373031
64653436356564663734386238313634323266366431356132313835363930616462356639346533
39336165333832613035613966663934646264666365306466633539383164373531363332316233
37356535663862303735646235356531656437346361333962346363386438633566333931356231
35653532386239366339316239616538636466623430333639303333663337373766653936313830
37373635333466386334336333356465643232656563663131393530366633646330613732616264
37623036333038373633316162306237346330303162343430333764643833623466393066353864
65643936366537626266383435366262656632373764396565346130396164386334633433663363
62336635353233366538363037663331343864633236356163383561656636316135643763383836
30613039366365653036353163343139393565383432396664633063333834616665373930323465
32313330303732313534316231343832623561363232333731356661346530623838646662646134
35343734356230613832326561636663323830356366393862633163363939376363653939643834
66653833396461313237356430616633646336333061333761386631393661333031303863363666
66386161363633623265613965316466636664633137313763393661656530373964653939626363
31366264373235356430363732393939343563366330323464613632616131363366363661663536
39613261616335613837613130383666616139313661613030383432333939613831343331613830
62363666633736663664373362303464343664393435326134613965613961373038326433663033
62633336646338393266666531336163653330353465343831393566656230636139306137333539
34353231333733323331643034626637316535636161383131623463396465323534303838396639
31373739303165316562656332333832633734613332366132656338366563646435643631323733
31313163666363643062653730306137353534333830393466393261313764343365373162623630
36333932363231323136396438333261616264643434613132363438396263363962643239316566
37353935663336646463663061633031663063386466663962633463363831333438646163616566
64396564376465366663653230383937386466626165636334633262613531663763656130656636
36313061613739396336613836383733363431666233653762336430656262616634623837353062
32636364666639303364326236643933363432306535383638306634353431333531343064643065
30663963363132663433613838326562313730306139643765376563313064653831373536653331
66383262383737326434356365646237373435616632653163326332343664353133663466613734
64303636346635356538396635343336356332613638643334366436636135386436653131346464
39336238646133326236393833646235613438303361306562366436323632623765396536636636
63323932396263396139396365653732343163396537363630303762663135616234633330316430
37326238666366303434313765626634333734643036303330343832323930323838616262636338
35366237366435303738386336373763656462646463656230626662623363343434323035393937
34343666303937396466323330656363613133656532633462336466633133626235663434353139
36346263626561313636353837613263313338616364353037623737646138373664363638656262
36386134353761623337663666313061613834633138653131643130656237663935353464326536
64643233663463646664343363633934313536623762626635346335643964366637666337383930
66376433393639663339353561646335613162326136346630656365613965343835346234633334
35326262653762633533303061623030376431666162313866636338386664333331323461386563
33643264333037333134646232313565656439346432363161363964666564383338366161373066
33313737306431326230326336633730353930376534323562626462353838393933343464636435
62376165323063653363623066376639356465653361386131646431383466343932363735323132
66313937323665633866663931306239366335373935643866313765303962313661663030386633
65333961353533326234656433646433333231323633353464626633353637663765613533346437
30633164396634323734643737303038336330343062313139326331633730363233363934373362
66343230343231623730313138356133313838373236643132363635656237323263656334363932
37343338636161303463663432323037616166663535353038376435336237633330303930373837
63306236623736353263643662626561363661376665393465616265613461646563306237386239
31643331366436653766303838333434383336313231626264373239653061333739643331646163
66393330366533356365333133353231633566653332306432366234386161303435356433323430
34653138663666313366623134656337323861386333393339363034333732393330373831346539
62373766333837653563613134633062616663623063386630343861616634363136363739643035
36303863383661636535663865396464303039393335313632323562326533373230623265306537
30656535303861663135333534623832326332623934373534346239316665643533363839613163
62346436626362393337623364626631326436393434356366393131346437633830646230363238
37626266313235663738356632663765333162346563323432316266386236306664316633613736
35396139306135336237303733366435326136666438643733303630383564623132356466623539
37386337346534326663633234626436393365383634393539356666313337616436636439663436
63663664383166356465666665643537373136303966356634636666623337343639373465343030
65613063373239323932626537386338353864643363363862383136626163366331656565636439
66363264396236663463323333643634333034356239343162653537373738356561396339333232
34353439366662363235373330636630346132343364373238326161633431613231666133616166
38633432656535306461646338616666643163373830623132303061613031396461393331323030
31376239393931396136626133623433646562613465386265343931306532386238663663356365
62303464316336333262316136616238336363346162343163303163376262636136663233633066
30303165393134616562376262636165373935386633313761666439383061393939356639356235
65366239353063373732373036303738333334303833323164353235313138663865343831646332
31393133393034396232353066373839663835623936343865343865653038646634363963386534
39333463356333646263336332633732306362316364616266346632353339393333383631636264
63323163356562613936323539313866353932663533636336376162626164303564303763313835
34373463373864643862633930393139653938373063663333383561656431353765383665393131
35616630646463323565313335366165633439316239666234326165616136386135623562373432
36373832643030303437663965653432366135366365306137336130613338393935613862393838
34626366663131326136393933326635386630376361393637313431613464633231376666306561
64386334336265313633386238336637326338643137383866383766313631323936393739346461
35346463346131333339356336643631633635643934363739353737383262333232346638636335
32333634633132303664656464313636666361363062363066666462616538386533333363326134
35373339336463633961623865663031356430393637623938656664373263656236306663656561
64333231383132653231663737313534333463376138613030336535323631663538646330613565
38333438303563353665316635343564373531633861653164363763393161313563323635633665
63336566303762323530393330353735363733396532636239383732663962376538653364323639
30386361626364313234623835623361633338316532656138626265383339363765623536306664
64626162356462393861666233353732366336396134393631363637653264663062393037636265
38346330666537653738393739663536323336653661656534313237656336353339396135616161
32356364336434313233383066313731366232386432393462656466623466653135643863643764
37353161343436353664306437396163356536666164303861646262353864356566633634656634
32653630353165343236303466333334616632636430643436316363346331636261336331373237
66343534323636626563316335303662363465366261333461623930393239643034663864393163
32386466306234326438313864343737613133326530373365333164663933313433633961616466
38393931323737396231346464343235653465353265653835326538383831613234323432343234
30613532666566646333643266613634643631656537636139616133366339623039306165646562
32633864326632373837383234356662643631666633653934306539643734353336323761336665
30633834666438303763626234353735356164386662353662333539336431363365663331636438
64396339353635613037343735366164393333396134396137663635363539323434326362333138
35376663326437313539393634323834333830393937343863336637656363336465653231356162
63373831373231323438386137373833323737663032346231653561353566303337313439613734
38663665333837613235626131336538383763616663373562643638633731343435376561333563
63623032653465316362646431316466353735663864303065336437636330383264303936636530
34653262363766613562336166633735646266613231373831383439306539346265633066303865
39303461366266396636313862333637386461656262306138653938643833306163363361356438
34623465306264343934613435643334343364333961343838653765306533336666353931346565
62336265316466613665623266383461633438353164323332646239393065633064613733643564
34373334313136316436306231636539643963346462666337363966376534376436643733313262
34623961353766626139353462666233616438333966646461303937363239383065353032363665
33303837666663363462386333336166623564323734363334363334323436626263326564313863
31316236653130333964333966623931646631653762623437376639626339376262373963313663
36393863353732396662
