$ANSIBLE_VAULT;1.1;AES256
65313039376536663565346232396132653035633438373131346164363239636639376264646136
3266386565616231353365356562646531356663626434660a373264346239666632386531323864
63336134346462373264383837393764646562346231666633393062396235313937653432333164
3335333863633464350a616165396665323832636438663933646631383562386335303136383039
63656130343930363665343039343435363832616163343763366239633837626336653738343866
63653766366266383134363864626439666166303961613165643761336430653563656238343663
34366365333439313839633131643334383232633330663863383136396364653463356164313633
39373035386364616131303634623566313836386162626537336261326339303838633637333563
64333639336536326166643562343936613432336233303638383034646266666536313936356537
63666566613464643565613238616532343864363330653730303534383466613631343963313134
31653062653438333036386263313766616137306335626663666265396339306263356261663432
32613566323563363933393030393437346665346161386233633236323865323730376337333333
36326261633230386563646334333830323637613330623735343136316262353438363265666538
36376666303130636138383866656638623831623934646365633831343862623664616639373462
38363065646538626366663937346133336465636533343130303836636636343563363731643733
33666566646232643366393037356635363238373662353939303665373165343639616566376236
32653262653535333735333138356639666435626163376535616233636664373363346439646161
30636138633034366335383134356530313130623561613261393965623964303738666430613130
30666530303135313966666466626164366338316334643865316138376234373865316630666437
62376363303431313762623638313638616363383133363064663039366233336462646439633436
37663834646638396532393531343138623834383730373062333138636563333366633064653963
62363335346663363662333433316431663964313537663939653166336631646630396530303535
30303737396564303233323234613634353663396566316635323130633663633237613365336664
34393738643131643731363239376638626537626530626632383461343833376438636133663532
35386466663430653233396436343038373365633432623338633634396362653939626265386433
30623663343766653665636330303730336139363839646562356465333464376666643264363331
61306662633131396438396139656466386431653663663466393833393434323063323963383266
66623530316334623864303130343237663630623236636530353965636633653237346261643633
61666232356636303264643737396561323330353863653635393634386262393061393333353530
32633439376361363762313465633663303034643930343538636130316664626666653431656538
33643761376463313634643964396231666237346232633163373466653866363230656633356664
33313665656465613062666335623362623035393362373031336563343736616163633432353136
35333236383739643666613930616237333734366134636566333233666663313265636562343166
62633431363138333939653564306334663262656334636665373462363362646661663333333635
66353231643264643830316233376562626530303531623434623539353731666336303433633731
61666664666130333536303831313930306161326165316466613735383539343338643464626531
39323937316632366662306333323836613465356237396566616264323031633663633663633865
33326265626161383265363264376432346332376639376165643264363139383133613839666561
32323038366261393232333762653833306663623232353732653833653130306632306535343464
61383763333066666132656439663435623064626635396230636437613035353361343934303162
36656630386630303533386436646165643335333530363931663735383166666438316131373136
61336666633439353562666466336135393736383431653562613337336561616535373735326163
64373963623935383162653435353865343966633562353164613234633266663763376434663037
32633962303461613863396337306332333034633961393639373264663033366234326238376139
33666633363766333737623165653638323365336133653634383839613132366636646533343634
38636662616561666333356430633938396266376438383965363436396635303033653066323038
33616266343365323936623462653963343934636533306235373031363731306161653136313838
61616636353836373936613233623238636464386636373836366561326662623632373166656166
33393765363436633933346332643062336666313932306132343131393866353933373665333766
61353036313230626532336566613466663464613237323838373930376261633061633064363039
64653631363637613439356563373663666161353439306265633437353333336565343466636432
39376632356263303737336464666234666565356332623366343539393637313133626465663337
65303662386132626236366333383239316537346139646537613766393064653532356434623165
63333230623066303462623635373037323566663936313365363835653737353464393666643437
33356637386131343765626439653833366132313462396230653934653465616537353735633537
34643561633165613231623436303435373534613366653338626239323466313265376536363138
31313164623661656333386335313132663639316166326337623835386431373333653235633866
38383533356635663038623766313737366665353463646432363436366234633433343333663335
61393037623266336662383962383931323061373736363062366261386136646635386432363137
33643930633933323865613436383334393936306631316364663362396566656137363038656434
37356439323436366336306262333036616134353664383438353534373463353030633635663737
32393930323439616532653463306665646164663565616138643662346231343535643363656435
39346638353537646561363733383339373738666262356165646434323032393737386630633831
36323630343063643062303238626534333636636463336563376533353961313932633065643961
62353331623739663439333536363963363933386334643538356265316138656565306331363765
35363038386235646534663264343262393666393130323937616439653565323164653035306538
32653566393437636530303363373737373733373336336532333061646535383537316332653163
32616135393739346265386262356337646132363738353437306533343165663538313632643636
34653333643563313331386532393138356362613366623539306364376466353238343833623635
31343561366437623932616637326437363463663933366236633831633136386265316663653238
65633339636265613737643665613033663132363564316539333464376131313562393061306638
64636161303632366331393561316230316261313738623431626463646438643764636335646462
32663538393131616639643137333864626236373031373363373263326330326631356235623239
38353531663236366335636361333638336536656265336665633530663938656537363931303064
37353131663661343436636663346135346534366361633137313164623466383763616232646239
61616633643833356336363231366635326464653134336365643636616332616238323530386661
64383937363661306635303033383263646165326331396539386435323031353764613637626430
30643136353139626534363563386230343031646234663232343366303736356362373666633062
37653730646461623937396638393737353939393261343339383839653061353730373363663865
34373239643436363563623130363830623932303535623435383365343161353566333337323431
66353962393666646437613132396237353232393866666639313739383764363237646635363931
35656138383463656533376638346636313335393934613462636163616237343739306330313062
66663162313561613261626364373232633530386332316431643363663662386461636438326437
38633536383637306665336532356431383239626135643264326233626265366333623330653865
64336462356365343034663762666231303366633666343330663339363836303962343734643665
39373832313662393433333138313865623833636233636463353766303764303865616139363666
35323966346361633531346439646233386539323835623165373565353731656530373465366437
61663935356636613866376232323332666664653863396161633664306262663466653439363339
34643134613133396565376437393833623262393866363037643763336433396531363838643434
32643763613739323631646335666234376130396565323233306137363164663064363065646464
35306135333463326331373238386465333136316435336233366330633937363437316165393063
39666436373639306532336664326632333531616138303663393365663633313366336438343632
32646563353138353137353132396539383134623763303264656664323933613330653734626363
30393433346162616439336334393631656532373231626538646134326639316630363464383836
66653136353561343133343963653939336639353063363635303633633966313733636432366163
63613362356332346461383339363231646465356634353963343136653834613865366165363836
36656430666566643931333265396637646132393465376566393564643266373762643764363238
37396464623462393330393235313839333230656562623237393332306433643936396231366662
61633530303739653238333835363933613731353136643430646661636235313433613536616633
66373830303233393732373231633036636333636235346361373732356633653665303065393939
64363633353164643438323032616437303636633061396635343732303736393536353765396534
35626337356162363364643336393330656564653364313763646530653738613761346534636232
61363966653236656630623665643834626531333433336239643265373731356139633064386436
31383735346365616231303638366133663330366231343563363463363732666530373735346663
33366664366337653833373131626538396161376237336335636238346661363435363764326136
32633463623066646235316137623931333836346364323431613861306339303766313832613662
61633361316363663534376231396130386466613862393337333239306230343061343463613437
37623233313038376335623833316131333765653965343364353334336435383662313531393237
31313662653736333161376631656232393261366132336663306238616462616531393138613561
33333866393235313932373765613137623738333233646437393261363362376632636638363232
38346430396237666164633430636536633638643861666333306132626563393632313238643138
30636639616138303466613733666662653163323039653934653536656162656233633133353762
32326334373165633535363938366433303930623132666231623662623134353938653230633937
38363434386261623130366637333735623535363434613638306465383163363234653038373062
63633331353661356434653733303235393836393134663935363233646461653137313838316237
66373132353833363731373630663062303738356537656436656636333764383038326237363765
66323935306239346665363635363334353962613535346330613633396631373935646165663839
31323162323339663862356439613663656234373563313862333466343533613431343261353061
39346166366533313033333361666161303534636632626432393165373531353635356331663866
34383630353761303931616166353937326635376432633463326438616536393537336436646232
35346436613130636635343934313262396262393735393638353030326666633437643763386237
38643765396138666362386635386165363336356234373231396237363934653938626364323130
65366130326530393064303433366664663462383333643237636236616366636636643232316336
39373736376537316632393663313836323831363235626132653965613837303634336236323730
64313135396536366165303866666366643838623162326565326263333238313836383063653334
33623034306436376531343937653834323364623566643531616538333234326338653866323966
34393536613162346432613236383330343633316138613039306330636539663231396163373131
30666138626266653733623230316632383465333362353536613263363134363738646265303533
63346237656338353337653939356664323636303465626334383862376130326432653962376637
35666462376239393934396136623439623564383832363861373834643362386530663637323139
35306466326137383432366565616638353335363365356539363132393338376635393665633934
65336630343231343433343033656164633439303039633461653931643163633961646266666130
33323062343335343937316433373932663438386231316666363363346538303734333833666536
31353734306265396137643139386433313930663534653232616166376365623464653966306539
64396634323635633430356231393539333766323530326166396438643462333532623564613161
39396462323334393334653839613931626436613331646162633039623435356333636234343062
34303534336430353435663531303735376566646162366139656662383836653238353637363830
39396231646561306531336539353963643361636437326535333730643231306266633263386632
64613534306530393033363065303339323937353631333434643934316632373062623263653530
30623539373963613530386663383166393764643532313632306635656433663534303738636464
36356333393765366463373930633131343937373862616233633563396637353434363065653134
35626234633133383166353433323138633432393764663333333339316331343363383165373638
32336537653732313730316133323165336235646466303832653162373465393864613061373731
61373632306163356365383161303835346339646363656663616432336330616661643733626138
34386339326530386536366134643134323064303362616262363562633838376663383531373835
34396437346238386536626431613265356232333161373836383839363435393063363639326235
37303861383835396337626136313861623430333032613566306431613830643064666339613664
30313062666637303938366432623731373063656132653466643430613638633236316332613438
38633062373564623961613339383937333561346565316439363434383363626338303638343637
61656639633737356533663534653332373061363631616433626239393962663633653234306634
62626535633361636661353939653435656164366164303536616331356662343635616130303663
61653733363932373964336466663234333762316638323536346138653735313230353766373330
31383434623761653331623131383266363864363339633663333362646137626539343130346534
34376430383031633330313636333764303838623862343532333037653235643864626534316632
30353536626633383863643664353633646334393837306630363762306265313639326265383439
30316135306464386638333535383764643330336338326162366265316331336562323061653261
33313932363030353466356463373530353739383634616266353433383562633863373966386136
34376663616661303466333166633465643861316534656333373066373330323737333064356362
61613038343661366362313666356635306230313631343133336363373766626336333835346363
38633239623734393035323336633535383064353039373262366138306166393831363432396535
62636339373336646633643865653161656638373166363366656139343666353365353434343731
63326664663339613539396235646335333838363461643066386465363039306165656161636665
62366535373234626364383936336137343730306433363563623732323431363566633139376232
33376139373361623436643831623538336233323634643266313630653535646232633935306339
63393236393435353065653634393361633330663437656533393535373839653233306663316166
31366264646362656361613234303932626538353364323465633865383566316535363462356462
66616236396431373231353865373262666264633965303761346566356639383239393635643034
39346437306430666136313437653734656437656262656231333434393539643064323865376164
38383863616637343335343234626539323533333166636436343762663633396232373035396566
64613263653066333562333661373435336133623338356262646134653439633162306363666566
63323336346632396161616633306230613838336635616363663233623138326464323033393561
64306132343366313332646233336137663337383062363431396334353732623537366361303537
30623365376639653338646361326565343137623338656334373332613665333833373339323462
39326532663364363436323632626232343865643338313237373238343138343538656465653061
62613336653165613735336461336538316337326631353438623436386338663138636463643832
34623461313338633839326531326233356530626136363433303564326237633363383765303334
63323832623031363233316338363035633532663234653134363934363530626635306130623230
32353538333130316532376530313431313764633138613035333731373965373332373538313266
35663230316439326531643436643164313866336132303433303031613930373332356163303932
39313332353261316234636366663864646237353363663830623333353932393138653564386264
30666364333236356364653534383337373437303436633338333566383335316537396439336333
34666266383130656537306131396332626561303934393039396564643566656366323530366531
62343437613465366661666334336664393261323130653162623231343130373138633032313265
37353338333663386638353037326535326166623631366430306630303734356665326635653933
38643962333835613566643433626461336263623836323739633631633963326562373036646532
36316139646438333132643630393330653531363434313835343538353362643331663835613333
63666130386236353337643563316334373739313962613639663135323666333365626336323763
63383236356435613136353432643463396435333031303434323239623564616139633134626561
31643362303131626663353962386166366537653237386434303334666265333630366663316339
36333263626239366466383337346162666139626662393764363434363334616363613833306332
31623434313436333139613465373932363036623063646331623861343461326432306362646463
35626461303639346333366431353632616666356635616132323161633839623434666231646164
35346264313964313633303531353136393234303433366137323636653761373430396631363538
62323764393331383862346230623035646430656565323961343937343364306262306563356538
36303333633530646337643861386633646438386133376361653132323062313861373734346136
31653163373066653066323638636530343761333539396131383563343331333437363763393531
37643433383438653734646231306165303038613433396362613139306631666632613637663566
38643337396533363963613962333663303936326239356661633639613832353163643330366437
36663964623864386431616461383966333631316532393530356464653334393136633062616662
32313935363337643665343634643336303538346431316437336163396432366666656536356234
37306131636463356266666231373234616264313231326639303863366466666131633638333561
35323761346462636436343832666361333833366630643333633634303062663862343430366565
34613237623237373139646566373263376336613563633761303634383564373436363863363834
36653436343362633262653637303033353836656262376566326465376637663430303832636237
63353663313734326134663662663130323234336231633834393530656432646633316535313166
32313862663033643261303139336339666264386634613937656362353431333063303263383036
35613061313364623531386433653262373733363864663730326133633731383561663432636134
39333538393162663536643434386166643636303566643938653630646661633438633439633534
31323866656530343632333531353731346535333234326162333638313431346162343837353337
30643936313236626434303730623134333464653932386338343637376535303835383165326266
63303433623565366336336365373466366561646562346536356261303363363134306262656661
37643030383330366162626434626436643032626434353766346565393135306462356265333931
33663039666331373037613764353962326534656338303738393038663539633065333434316235
34643833396439623364363862353531333066383433616533343161346639656462363864353761
64653635366134666538616364623935306665383866623263326363373830636266333839353737
64376436633266663062
