$ANSIBLE_VAULT;1.1;AES256
35396462666130396239343863313639326336666161663935336136383037636435323139323834
3166396664343038633230653364366361376534363965610a643038646462303363373437643730
62353335336662366635303132336530353864393665643933316365393164333761393734646538
6461323738643938380a383433386534633335396161303636343632653365353534306633343439
64663538663534643666343536316430313434326361366162383865306664386436303233306335
39353738623538663763356238666632616531633762383530303234616631333936313162376434
32383866303266623236303631643862333765326465353630333636323036333864303934613265
62353137343337323631386332653565663431663061393664643834366164313464616333373236
30376665653239313234383237393831633063643430653237663233656231343732373731373436
30363538323938646535646665366563313932613535303464306432306663616334303831656135
34303062643730626133383532373133633763353666616562306239343766366436623436616463
30646531623032386134633032643533333536626237636565623234306439303432383265626536
30363839333632613638353738316463636335653238663633653861616432346333303632633534
32646562333033326330633435363438353934643065313838363862343134393466663839373032
32643564653234316134633361636463363834393661373937356239383966623336643935663164
33306333336131666334363364303930666433346139353564356665353735383338663564633830
63366530613838363139333765653764343834363964313039393839383038316433346638376138
63626335396338636236646137303965343339323535646665363831393366396337316534303161
33666361386437323262333039323563626634343034656564613164373764613533643634346266
39633337316535316430373566303161363137663433653339373163306237393066346163366331
34613436646363613537343039653638393939316530363539626366303335343634666438633261
66356239613435366135353663356461306332663130393864626437356638326462333635373233
35646236313362363535333861316630383964376433386330636633366538303639306535333832
38383762396332666335373833373134323139363731333138666331626131393230643535393133
63663934303264623437393238626666643634343337383633356464333236333361623732643832
36663836383966626664313233323738643831343265303832386436613833356639326665366238
65393732393765313338306130323632313265336332623639636464363139643735613135386333
62663838393966663933396233333466376432323766366166346361613432396664613235653861
65363861363337376238373438356665663330666432346563353966343064313164373261646330
34353632626634346237316631663331646536616431303531363839356161333232306163646565
62366635343736383566383261623164363464393030393531353439346438393862653961353663
65346633636162303261633138313239626333643766353832366563663738393732656666363835
30326365346362666533383235663239383266656536653966326137656632336632306463613233
65346431616461396666666433316433316633333565386139336530336663353630623834623935
37613361623762326162653132303634303437383438323831613131306565303237333438343633
31323836623630353139303863393062393731356437666466646163363630396636393334633762
61633462326661383762393638393430353866343335323864346562386261346631323331333037
39373135373633303835303439663433653736313266633764653431303534323930366366666232
39386135646630363631613635383261303433303736643166613661306436623134393936623465
31363534653465383033306238626364613333393934613165303032346239393332386461653666
66373039346436396636646565313461643733616432643064613633363332323339653664333066
30386534353336366165323637653037333930663061326262373864623031313233393131383866
63623164636533386366313832323631306561373339383066316161623339663966323036396539
37353630626537343165646461346339393835393766376163626566343864383038343361656334
30323061393365353161663430666433323565333032313638353065313632336265623065356632
30356336623635623966323235613965663935623036616231626131313931363030653338313734
35373634383064653265303230396261613938376564383963623763336332353035613339616137
66613561373437633134656634366430363761636465353738643263643765613765613036336331
31663633393930623134613131326132343238373661656434643366313038636366373461363365
35333939313062303534346261376338366438343538326538346632633435323735353061316562
65663539336161356564373566313732336632663961373734396463656132346364646233356265
39633639643932353834353031353763613031626464633965333538376230336262636663656561
33336236356138326264343032386337393131333464633338323835326639633136363135383430
33633932633263333865646531633265636138336532656434363235663637663063363135353661
37376135356261333065626133373466666236653932376464326631386235623937613439616162
66613433386637343463316465613238646537333261343861373334333134623131393437353364
62636362643463666632313338616232656332333561663532383530666339333237336531613233
32646364383064653366333762626635373639343636353036636239376138363330376532633439
63346335653162383033393730656466306162663361336637316232636164636239303961343163
61383030656539366133393335666330613065326262343763393730366634323962336430316561
35616336363839613966373761633737386262626663346366353939383936386466343339333236
33666438666565396166653534396465326139353161613866336536393965356363326634663737
38333633376335346135363361613339336166346136373930363063303335396163366339363963
65383035303664376262303335336235343266303966313631326265393861623637656564643864
31623834323532333363333134303665643232613836643030326637383432323738386332343735
30633433393038633664373137386630383162363834373862616231333339343732646266393033
62313733343737393436376131636461393766303531336630626433656232636638353463653137
34383465626139313838666563373962616163336536656465656663663966326435643238343366
35343830666264366463626239386330613763646234366230343961643839313437613630366434
64333334343330363964383530333531356435363864353830353237326265356433393166646161
30626632353866376330316336633662353237626564666466616438326539366536636261333836
35363934646137303539656166316239353261303033396536636637653830373666383633653266
33353466396139656664656562656665303539386666333939373934303332626264653366396434
37313963343430623338373737393666646338653631323964393062393264633631303662366562
36346636643134303930653266373361353739353162633637363163383734666464343263313031
62316461366666653939376532303462316431643437303363643738346663663961653831383261
37373837316331376563323332323039666663623237393263343739383565353966613961353336
35323832326161386130623936633336626634666466336335316634653037343931616636366665
33633937646331336162396665313234663037323365336236306264363037633231306163393936
34623763396264303866306133373361316537373663356261373964663332663934303865313033
33626637353562666231376539633533373664373839366135666634626464613031363730316264
33663235623261663530396235636461376137326466346261653430326135623666363435663639
64383733383362306436633866333262653734353666396633613338393261623861643364303264
37376461303135356630666438383331376132353031386330363762623363616536343536313438
63396432343533613332653032396532363061343664346261303561653934306261636537333634
63323532363963633538353238656335396635383134626532626435643535353235363733353037
62633261613530333337353238613832336637353164666530663532393433323963343664616339
30666432366531363834653535356434353761623365343563623630613936323333363232323366
34623863393362643630373338623562346464326333333437336566353831643262633262633662
36616636346637613030396635363364616661323233343135393665633933363838343234656465
34363432333532306662313962356432363038366164343765393435666339633032333830323739
38396438646662343265393064623233356336386438353735626231326434666435316434653734
38303338306532316234376163323563313238333833626132373366366665633230366437343561
31636661633366636364303932646363383639656634636531616536356234383937663566336438
33396532356561363834373134623833343135383330363739343332653461363635336366333862
62633231623466346539323432373434316332356361353136623561363431323439303535383761
36666538626131346463333764393666623030373430306262663264356538316661303539653633
62666233383831396166663236356263646236633561613632333664336463613335326663336533
65306633653639663239613135323962633435383739356135333063666131386430353831356162
62666630363437383233616230373937343438306534306430376130376436346633613532663237
31626135663732376636333061383636646232613232393564313632383733656264353035376535
35613130633431303834353035626237306539306566356632666366613737366638373434363235
62376366326432326462396534333266336662303563333066636535626137323762653630386462
65386231346634376362386166373863326231353133386337373536386563363061333133636432
61633836326633363432616661396238346630663935383063366666656336623234613732356562
34303537653962663139303532343834303565613639303235363631613265346462636633316238
65653438653439373137383130326436363339636334316438303137303764643765396662383834
39623331363438383064646661376664366664326361316235666366636461356530663332323334
32656530643363313933393232323261653362623864656234336563643037353530643232316139
34613466396538316330633661646366393361653732363837306234313561633066656333666130
31366135323335336464333866646631363230663963646439663838643837623166353034373966
32356434363765643161663234666539613632383032663764633834653430666439393166616532
30623964396661616533613361393039306333366534616238633636383731356230393832303262
32383861653932613762356365653638323538353963393065386566633664323434393634326538
37393964393737316538303137303932386631626237376239343635643032383837663061313231
37653063353766623539383466323964313530306237633635393435373732366436656335623332
39323265356538623639353532626166376666646164383364383633643931633065366633333262
39336235646166306361303665646531616537656366643939363139303531626438383063373131
61303532363562383861663962326137336630623938653733336137316638313632336239386464
34653861336533343764636465633038343561356662363064643661346165623537626665366531
37376633623834303536386330653566666530613737366430663661396638643462336337633935
34346433336637663666643230323663663264623932623861373961653035373138383238636138
61343338343162373230343465303534373664636337643561666262666464336566333966653331
33383665366139383730356233306430343965623438316466356631383633646566343464633666
63363763373336646532303233616263643431356261643230656164356161666337366265323038
39343239386531316137626437336134356561663332336339666538393832313132366231353838
33386635373666626366663232633535626136633661656230373034396436343530376465636663
33303830396466626564663764373635646339303866373961336533386632663933666131666231
38336163366362393931336237656238636532353433303137353562396163643231333436613031
61646236616237363761366231656438343266303632623731316631613066383235346334306436
66636237366266643631633134656462316263313165363638316264656365306438393333316564
38333165366235633438646462323761663831303461613763366363643837643432643764366165
61633761356162386239373034633833353963353231326236323565313362353931396334663238
63343037356539343839623233343532333930313065643638636462316364646231373031353264
30636561353238323637373065636335313461306631336338633632623066636662393834366439
33626365323331313932613039623938323738633763356333306334343233633236616139386162
61656238633236373131353138653230623531643966323331373661613338333531323833323662
61353639333064396137643530656435373238623664623764333137366530333466383939303661
38303734333335343661383764663462363863303662656563666461326266626238343932643837
38656663343966386536633838336535323931616332366134383435313438643338323436336130
32333464313162666564356636653337353736313535373662303530623337653135393662393836
66643435336639626234343465613633343734663839353031626266333630383966633031396139
39343766616332356663383338323061626463646333323161346461613538313731656135336466
38613039616133396630646433333339346432383662316338633361303538313037633838623636
37343035373730666563303063643761323337343830353832323632613136353333356563636662
35623431626365626163383465363464303234346661383938326430326531363035616164363732
34353063383935393265396434353337613034353561636262316161393734356564666165363833
37646164666163396138613933643431373464653634336663653934613933663738306165323666
34623064366632346361613330343530396330323030313163636164396566306339383039646338
62313235386432663232303066326563646363623335346166313837303836646430636164383339
61386134376364613033666433363666306365333033383861346531666130623838326663656334
64396261353664666239643462663432636364643230663939393062643835653363336361373564
35316333663938306464366637663839633730663734636463353866656530333366666637343566
31663966326135356463633463633638613436363762396533316632333338396239633539306161
34633365303366353832373037623366363439386435656264666338646665326461646432393535
34353630336565366133383936333432336532333262336361636434643662313663623366616530
35653336613162666561383731616237333938613362663865393534363834663266373165373563
36653266383765363661323930616437306631656639636137666361393235643062326464663864
39306431376261633261386165313039303431386165376637383364316539623462363034656461
36323036396432303762653363363061336234666664323766343461623465373861303535396533
63653762653761336637613437623333623632646632623461666361653165613233303464336466
30316561316238303262376633363233376437313635613538363533626461306533356134363731
62343231653538653038373238613638386161626235663336656231363761346561346433376436
66386466626137383535653536393832363734376161363537393730613762396636663630396336
61613632623337383433623361313037646535316636613665346532326333663165356438333936
33366231373139633432343439356463643963316330666537666362373863356531373836326466
37373833633533323565366134613561386162356461313961343831333564626136656662386233
38613135653463626430313163303335373234326139373438613630303865646665393233666164
38383262316262323562336335323166653963643963303563613661383936393030653664303938
61316662326132643431656332666432616234393239663665383636353364346634653163616234
39363335383531346532393036656364333664636632636338656635633334376261376565353435
39636664653838333536353033383664663665313065313930656134313633626234343261366665
33356438353161376430323437386366646637656536386536626135383037333830323630656166
33643764366438613839313864353035316465326664663739303261353336613233333039353533
35343665623637393635386334303037633261336237643435353633303661333833313631363362
39353931643930643532656166623139653864656336666430306234306363316531306364383161
36626664363034323831386666346363616563373436306162653235346433366236363639646335
33386237663663313036373762393338613266383331633637373239636430306361383030306338
35383137616638306661396264353634353232393162653334643965643136663565633438653732
37343639613463326634653636363234663631396138363062373261306232376233663461643039
38633136656130353433306630383233383834656638663637333431626638366166323638306433
37626230616636343766363039376331393732333837653339323730396566333833336434323631
65633835386134366638626465336165323137346433376364333766333665336233333737663031
32393366373363633162323561356530613962646263326464343763303863343361326363663035
64303635646338363936303235313362643033383330346439663632356330373830666362653366
34363432643936613061333735386366383836353133376436303036633137646639313637613239
65373863326465343161316463373730313535646235393561616436316436343134366630636565
33396532303537646235363737663233623461656433336461373662653864356637323336363166
34313336393638306331373232353731353836376564663462363866386663616335373230336231
36623262666133663161663630326564373437646363343632333964393637376266343061333933
37333130323937616434633036333838633263396562353831646336326339343535636131323330
61353338306264386364636330316565396537626437663935363335383436623635643033363432
30303434643062323139373136396538616233656361666439613462393161323765333463383166
38343539303732356237636262633937626234656334653230663665386230303539633361373635
34353664656662616130666230316561646330663634656664393061313535666431393332363539
38653331356538353831363530663561666466383237653233616430366436353336343265373561
35613461323066343264313066346436313761363038636338373262626365313631306162666539
65313232343336303739333735383766633431393362343266323862666538326166623962636562
63663964383939626639383366616561646562336462653264303137613265376633626333353163
36356463636366393335383766646663396666643532623638653931373763306561363231333338
34623330616566323037343431633132396463623031383161613236653536633639663435643038
66346535633364306563366261363135303231336631306665336661343763653337353630663530
36653866376432326561383561313035623333663161653231343236656439336139363864313062
63613936333337616135343238663365333363633238333835666562323837396366343063643339
64313665343138663439326564386566383834636362373539376339346661613732333761393930
39383563656637303965356263613738303137656439363763626162666632633361386130646161
62633832626165316133636233646138313830333838383463393930393135353863643731666230
34383138656465363065336330643964323532623861346334376432623430663065343930366430
35353461373464363038303762633964383736633931656537376236613733336239383530363937
64313961616461343464396637633664393261376339353737386138633063373766376531623462
65666535313036633635663736633231646434393438323335626665353763613435643237393566
30646565643237346433646133663134346666316564346264366637333931323466643066646639
62643539383261643835303635393962366330353033343964313765616239626363396533376133
35353563363266383036306231353439396664323433323033623433363230303636663037326366
623531633230376236333438623635653234
