$ANSIBLE_VAULT;1.1;AES256
35316630363231353064353438363561666464306231646239663862363738363164363835336166
3335616334376362653863363030313332656539396438390a323364346232616239653230353661
31613830386535303533343664356366313761623261623132643336653563343930383664363934
3436306166363438620a636132333864323632356332656361383139663335393664386434643763
64656438373566663333633839383933636636393465623231616435653036343033363361326361
30396662383534346530656338336666303233666465383261653139663036323630666530636565
36303333393131346462323034333462646636396365386539656133643130353338393238396131
39633131633264353836623065343931633465363337373566626565316137306263356530613063
33646437333565386437383863356561356332346530326563633162663234323330313764663264
32376561623464366433336665666263333638383662336164636434613661653265653437636535
38323066623737306262376432336137616332303561626161643135366339323661366561313965
66376230326565363638386634353532376631353265386162306530373539316663323165336634
64643235313562323462313631306264663036663338643165616433383465393533373535316334
63376437303534323166333066363535393265393034386563386563616432643534643133353564
35306161366236326537643438613166326435353566396162313030343164613037303939316564
64373238623436323436613738653438386362316537373962353338383633643032396138303362
39323332313338616433323235383964306537333936326330663938386539313361623163663764
31366232333731356636636339313466326161373965373938353134613866326532663064666566
31366632643635623635326161353035313764383233376634626365653666313634373961303037
38303931316466636362313362613563636237326334373235326531333439626636366239633263
31626635626639653663376363306236346361636135636437643635383861633335356531616637
37656361396363643164393261333661653334373932323536333063613038326335313030363866
33313832393431636434333635366566353637383665633862323036333636633333343835656537
34343539663739373962316436323061383736333834653934613830376365383465333662376362
30396265333431663963633032643838353763356537653464303239623235633263663162383533
30343466616132663531343234383263616266363466383265303136306337303165653135376631
34613864646234393835356130613634363530303530363263313436386232303433383035303439
62303633353363363265393137653634633562396663313865323935333763393631323062626535
38393866656164346637353133333266633863663464613161626133313966323037613066663765
66323336336337343936656535313536373936616466366631383164333063653937636166323463
35613234303661383762383936313631306231393061626434633862626430616636313362373333
61373332623566313737623339333863333261626433666466366565633433626131643831623930
38346534663332633830383833366364666233663830343732636561656166643236656265663036
39366438363032303733386133653662306239616130616630636434323532383535653263393062
64383035643739313830626337303635396463643063616437653935396161643136333638343366
38373164623364396239326261356439616431626561643165646332656165366237323530306237
36343333373639303237346230323630633939316634303135656161313135366561313039313537
31333133626330636538353931306333313264643662613965346363633530613435396538623664
66373133653235363136396565396531373032383031396331383334643333623236343337343830
30343634383666303764303862663964633363393536393863323462613531346431356431336532
64313737346663353964353735616264373930653038376561643538346535373730346234353532
37316334343133646131663564623533613534613830636137313166383234643062356338353733
66303063613336313237656436313166313530373162326234636433383864613330346132613633
36613838663033663439333035373433613434316136633134313164373132363636356532353934
31613032316430663361656538306133313030363561623062393332626636373639333137373463
31623131633962313539356331623661646235383165633933396464643235353830353661393839
30303139646233623465626661643332346536326431396236613230656666643039373831636138
33383532613464633639353232643766626434333465393263373366393164643330306236353735
34613335666463396433383136323333613234356634643766623330643233363533643166666237
38396666633037316166636363663462376664386538343639643436376432623030373436396265
39363864393731633431303439366330383639376431356662353235366365323461383263656637
33386465386639386363666634623064356464626166653632653932663937646236376465343764
31386535326434356164353435353663326538366666313362623264366336316638343439383564
36316130386661373566383834393736356438393163393865633736313965643236343663613135
65373965636561626639396432656365636130616362353731313034616336306530333039346462
35346137313365313332353862653436356263303232643165356639656265666562663864326262
32313839306361363836626163383635666464386663656666653265633131373136336531376235
32356439346166313961636434326662663131656233653563386237663566346433616538633366
39633935343230663132656139363033616661653935316466616338653137666161363861376631
62313536626337643762366264343838346465316237653562666531343665653134346537383931
65653434666638373664323037393761396632666333386362346463386464373833393263663536
62616566393733626438613966373361393063366632386164323639643536333934366234623238
62643632323935303935383734366366316436656261333433653364613761336463336232306161
35393130393865366136363936663836336363613138393465373664663838616364313364393766
65643535343864393261363231363837336465316535613563373235303438626136396562303263
30623039623464376661666261303663383838623036663464623461616333323337356364303932
35313030396130623531363163616536386262363964346130313563326466386639616134346333
34623166633236383637383465393762646238366439653533313864303931353831393337353337
35363338353531653032663766303161333230643131616564346434633334303332633739303661
31346165643630653138323564303536373663663338363264653734643063306466356666386432
39393230393939383234636466343064653565376532643466316535343932613762373332663834
39313536636466343665326663616536653638343234623530336362303134656532353538626534
35616536373166366530373763343336623266623763646264313232376533633563666239386633
62383866306539653466316637633030643038326232626132633439653537343864336533393563
63373430303133316434383764303665363632616664616338336230333632303931303536363937
63613935666332336237623135663233333035393437353037393463656637393538306433666366
31616664663561333463616536343632333639316437343636326630353261663663663939613734
66376535383266366366626464323634363631616465393436353266613163353934306631383335
39373039663731346232386137363839626239616335323536376463663338653865323333353463
64386564306536653132303331666330636465633965643035643361376135363430346434653230
32346336373738316166383536623033646639303733623536656632386163366436396566353735
39653939663736656238353936643430393239313162326132616337393238646235373661353137
30313131656562613632313232303164656532346464373162663733646163353631326531393339
35336436643230663831613530393761386230396636343764373461343965646661663030303238
38346364306561386637633432666165376264653531393239616632376330373438343434373134
35363562393730323036353235393737373338386435363863313162376466383139643730316565
30366664656433303466383464366164636231333437623964336161616436373662323830316665
65663931393438663238613566313434633466663062633536663433663365326432633634623433
61383363373430326138616334343562356262643131353131316364356566636335623633343236
61323935393063666638646131396561313066306438376665313733396362643164306264383965
65653162326233333533316165633236646361646439333864393663333365623530616433363730
39326239373430303937656365303339303531356637383262303533376533353435646536366133
32626366383862616334663961376362613531323663643336366632373364613666656538383139
65306232336466343264373665633631623466356661376461643466343434356263663964326132
30396461663166623237343433373430633633623037663134666366393130356364333239313962
65633962353137653864363934306231393961636266376336323530346538393139653666313633
33656531653463623136633864373036666636316263663463326432636633363332633166636535
35323365643232633030366433663439383665653437326466353837666635336237333265326631
64356266623761303736646639633666313734343531343837316662333232336233303937336163
36333066373438313036313263336564363030386365343636336662653539626634346636313832
32623330393435626530633865666539316164643737323630613066323231336663303536366632
38356632303266643537396233383939313965393930346231666164623538623234633736386162
37353236326431636638386637343463626434613465396535656365303664386664356165653530
65663235666536333039616334656539313065313139636338353538643936636566303335373430
37363831386466306664653930653661616537343437333961313837363339333636663737313036
63643462323437353530333135613132343864363562613363396639373233396530373262353065
61633362333831636534376332396461336630383039663362666165333665386230353664396534
39393863373238393935303737356362333533636163663632323132653735383133303337393564
35623139653330313331393037613466613465333365613733303761373665323866303365313533
37383235313737366665636565666433623661396564316536333737613731623266643231653538
30633962386463363338653766343130393437653061623264633332636666306363316333303837
30373938303634313430633136373762663039623032643835393436633032626364303339636637
31616230623038333663316461393239353765393431363930353933393362643537626335663936
34373866363537626232383632306565343933396333633561613339656633636262356132323139
62346164393630656536383637306639653831616365383563656666643935336364373939363762
30333933373166643234393939373039623030613138323763393131336233613932373363363230
30313265623666346564346265373933353262646138626331643230646638653030656233366237
63316232336130336439303164633337633963333361363433646466656531363937306137353466
32306464376637626561636132613837626337326239356430616262616136343566626561333762
62396332303634396137353930393366656366363339623131333632643361613030313032393936
36663335633933353766346537353566303138643436316662313764623562623763646634343765
63646466623536323339316436663065333239613862646662626631366135363535643936636263
64323361656336653234336436353131343332656330393039633663323337303432653965396638
35623235373764386330623461383462353131623765353437323537333661303262356431303732
36326662363862633962346661663863333365323963653932386233616661343232326661666261
35326164393731333132666239346662646265653262306134636466393137633363663639396362
34616330376564346637386439313339343631323065333230616636313264313033623766643561
39333862616337646439383937336561386261396663633431343031626462353764313232333038
66383938303339666537666232636231643631643363323133663236396137333737323135383333
35376261336332616335323332646235313330333561326139316266373530376462376562666631
37346633616235326130333366313561313266616166346231363039363134663433326664376132
30383139303164653335663163663738653362373031633136613063383361393030643064666665
32666333303431623362356465636561653465613639326564616531353936373633623361643932
37343535373938623330623533333632336633356166663038343330383264366431393162353465
32333137643334616234633766633236336631643463336432666639613538613437393665643037
61383733386634633665363538363732623461333239336336613864323135626531306537663234
34336531326166626231336433623433653137616533393033313761646463343733306537626266
38306534646338656137333364636464633863316439303537333965376564346130623030346337
30616635326535363065613232366632636538386339343939633438366262316635363866613661
61643238313633383438306539353762616366626664336137643330623339373666366431633866
30303734653834363332643530316366366336626332353030333432643032643433373739303764
65396439366433303838646661333735366637313838636236373165343933626161313630623732
66373636656231373637666331313031643636303963326332366137383163636233386334373938
34653530386561333364386432386636326631376334643538336565373734646536346266613461
37626338326632643166313736643832626531663561323137643661326265373566303163616333
66636332303237633561666163316466323736373962643334383536626534353935346664646262
62313564303037383139376664363139623535396332633864336137316230343262643730303766
61346665373464633963363537383166363333663635636461353432343635343031303939393134
34653338353962353162613337363534616139326138633037343938366261626537336162313364
63313032326230633739333262383965333365376134613964303830393636316332373330353262
36353936393835333264303766666535326231616431626330353662643739393563393531666562
61323764653236646235363832303536626337373836346162613330323037326364366239623032
32383931636537343666383035613237333562373636633036613866613965333164303061393566
31386338626232656435326265356336616134323431393834313262373361613531383333653139
61383435336530633830316632333132633661333066346430333738626366353639303231336566
61393663633466386434376139623539643262656639613430323934623635346539383135636539
64393863656662626434343261333966393133343563616539326334303037396331356235396265
65346131323236653634616531306330633631366431326438363366306266353738663237333035
62363736663737643662336135626262383536613432643765656264333532623762386437373234
39316639663762623639326337313066316238663265386531306333623361393564613034633039
66646234356638386236626339323739623166323237636363363864333834316333396234373163
63613039386566336335326566623766656332633434383166613564653635343364383231383232
63643163643038326564376234346337653134346365303361396430376532383337353535383234
32353130376432636338663664333330643465393330616362366530623737363739303338316336
31336439346136326631343838376364313963313433306133366439353364643930366161383464
34363166333362343263306564616135353736633362626136366130333131373833343333353731
36353933383965653230633232326365663030393031366338383431616561383365666130333663
62383437623562643837636633353836656433613937303635616162646263633035653564636237
65353037323537326335316232636665393232303138646366613536383966343863333737383738
33303739613138633138393331663165353464343435303863363434653834613037643038336663
30363637303661363861373530383533373263323731633537343764613532306137663663646431
66383061663432666632353161636363613531316465343738306433616430373539303564613533
35333638623436386433373262373537376632346234303337363531343635373732316161633165
39623233366239303431356330633563666137653162623436653336316661363032306232626138
31333164336531616638336162343566326237303864386439623530353161656565666137386239
30323263316263626633313139636365323138316633376634366239346538313435373739393133
39323865346630663536653764363639623732303763326663616630663634626639656637376136
62313731656562316365633938623435663666633739383835636266333562656438316231633062
37316337326434366565346433303838333833616238343733346339653764363633656636626234
62333366663064646364373933383930646332303564626166633062343731306563323866343734
61346639636361356434323366316163373836643436313763343662386236383637333761333762
65343638316433313936326566326636313634356163386261363363323839303664396634313761
66313366386639373163376335313262373233346565306364613865353465356363343639356330
33343838346636323664306433633261356333313030323761646662306337343335646135663064
65346165653234353265353164623661363966316430313931366166633639393166353263346664
39316161396461613335313934323366653864396364623134666334633433383137663263323864
32346165643839306563626136363864643066616630366637613232633661383135616466313037
36613665316265326261343233323034633233373632633863356137393863373063633430386336
33393562663635356530373665323166323032383439646535663661616164336461333066376464
35656638313635613238363139386537363563343434396361393336323264656339306334646335
66386634346134383435623531623032343139313436356565376538353639313364316664346233
38663161656530373130346135393364323632333834323537316337316665316235343534373033
62663264653538376661636139366161323639613163646663616461616235663461386161623733
36373131316134643964323433623831383362613431663264356464353161343538376237373938
39333837616266363339363030396366623435316239303564396364386365346235626262663632
64616536653963353334646139376536313338633237663538646237326331396434313438623231
35663065623335623737313138356136313265373962626430346362663932303738626666376634
34623738643430376233333335656465363364363463646163663831366433613934313061313562
33633263383938303932316337623462393866333734633039623334323065356437373066663464
61336266336234306662386637393331353266306638386433336462393134623130343132643639
62303632393266663865333831323633656431393032313063366331636462323133626263393361
66616337323462313439643733333434313636333934383437653866386339646134323435663733
36623336323230353162356438633431326636376661336163633865303431326532343234356664
61643635306565393331306465326165666237386236346261353736383331313337303230313462
66633165656231656365303234633962343865633637376565336339356530303139356236363537
38343566313466623831613538346566636361663736353563633966653336663161343031336561
32613661633162306666306365363861366430613431376236326239333566303237306330366230
61653130386561653536303733393366373761666437343431646131333130656434633366636165
61653138316136643538653630326538343566656461626637626562303566393164383464393038
66346638653931653362333737623536393031653062353763613561613164316266653461376561
36366639356337363366646234316461636136343739643666653536323861646633623465326466
62616631613461396466643338656438616234376165663265383665616631636532643763323561
31643234626630663437386266666435633031363434626362646266326164303233353139663938
31643331363936623535613737323033343066353962616264323730303530613235313366303565
30326239633938393261656161356266356562643235396138393662353733666534326432326333
33313335396464393132
