$ANSIBLE_VAULT;1.1;AES256
34363934346533353032613733646535656537613735643437356234663038623165653936346462
3038646537653265613235303365656135323862323135610a343333626437396663373461333166
66326139636637336230383936646639626631336361376663393234626261333164356431346135
3261396233643763300a356664323863303434646238306539613964623430623031386533653266
38656265663734306366353166343334373664613965616461663231363732376364336136623737
32373466383038663762373965343634393733336330316466633664303837316162336633643238
31326162326431653931653435303764633364363831336536376132646466323662353464336565
39343362646232613831633237333163323631343333353939373330326264316632396538393831
62613131646238646339333931643764303466323362373936366262643539386264396532356161
31383439323761643334353134636162316663383730326566633537376633616632323733646131
65383830656231393034646166616635353765353038393763373739313730323463633764386539
65653036643266623831646131353666613765326633313561333334343736646365396163376463
32393736313438303234623663323533386661626236373032303035313431333832366630666635
33336138626134353830383365333035663532333531313863336364316339626531333666626265
65326136633834313834656432353233386238663466653765343161613639393434633532356335
38323431633632663532303565366165316234313263646531346665376638613235323361326238
63306462356135653037303132613038313762336261643533343137303634306238663338316366
65383366323266663432303030393038316637356162616239386432666135383639376331343461
37306135313336316665323761356538663565366231623333306432303961633664396538336538
65643830653830333039353334363237653238393137363635643530636663343536383462346538
62373361626564303164373965383763336661383633333734393030346562636539353833383135
30396539373437383261653533333037373935623338396438636465313130636466333039633763
63383834633666386136636331663133653831323835316366343438643063663764396162303838
31313565666536656136636337353136323837326462623063363731336361303738623861373034
35396437373061663664306663386432633365336337303738626263316634646432376563313662
64373330386439343930316364366335663363343562316337396136316137613734306262363666
34333738373865616435326235343365663431656230373836323136306466306163313761333836
62326637333964643131373031663034396536356538373030646533653530633336646537643738
30343832313765636534386230376639333965303334663263616236353266623362643231353864
36323663373431623366356263613937333836373662363563666463396661353235393862613339
32333038396135323638323061613761633131613561373830656531626530613535313161613761
36663366333065396363313330666261333331626232346634623334373361336666313361376436
30333431373231343665363364616230383737383166346131373063346631613430656562386363
31343130363965356562396664363164626639613333396635376539333761383134663134646631
37323538383364373164646633613537323235316163656664343563636234343534643134333731
32303039326463633333326664363634663261323333646261343262333464383232333033393838
39303837396361363132343233326439326166643336356538626566373566306664643034373631
62306439313539653237393830353430663030383235666136313466663434336333333065336464
30353666306633303063316664626338303133653737396164306332353865353463376465363833
66616533656662336163663863633666396561346330653465643937393438633830376133613936
33646334643164613232306230306661653538663431353566666631343137363530353230313230
34396231363265396630323263346534376538383236616436616437663665613039353338323662
35353664623435356133646533396630636334383466653339623335646332633962356130306130
37333634343237393164633065343831643763353837646266303566303132343662393835396665
31353038333761333437383134323666336432653562613934353330653265323564353766646139
30363865313231636235353564663461343437363239363663623930656135613063326535386236
34656461393161656530393031626633356435613730356366356566363761646532376239373330
33663061306135643138353431636135313261623266636134386636346133626366636463393238
37396339363865653536313436396135313665393130373530656539363263616366653730333166
39376363613939653037393732376430366136373536313839613432363966333265333866623138
38323263643037353532653139653963313338393766633937353739336463376662306665353161
36336639343332306564373763366434613430656230396564393736633866633763636131656438
66366464326134306535323136643730313932663637323565303833623835363964656638346232
39646638303466346363353436323638663965343463313238613338636239663038653934313830
38353739383636646535343636666437626638306266373065356636386566313736626338616661
64376338306438623634666237363464353034643833613739626265333931666435323239306538
34653638653462616461383632346437633033343235643739386363303962376161303538613163
66313162386531633239333566656638383265666539636532643462643337613831386236633739
32353931363565393734653737316431353166666561623132393336653461373436656466336663
61393465376265386330356662613961386632343939663634383834336634323433663639623965
31376563353764346439343337616263353534653839353538666231326232613061313232616662
61393836613433353330636463613533336333666465356638613761623865616562613035653138
64383031666165336662333733323238356565333765613237343134363765636465346432336537
34666135666664356230313836663031653537386237373562393538396164336338633731663235
34613261373164323938356633313266376364613835353733346633306663373032343038633834
39333739316635393630336635356233353731373761613937373734636238356637336133346133
31313333383532316332376231346630623163613739666538306463643135646234303463343338
66613135343762313534393666326361353831393265343938393064386165366661353736623631
31353331383431323466656362363461653038336333353563396464373237633739346566346262
34643464336634626163653234653133396439643931346661326534616339313138373564346137
31313132646462633461306164326437386332323535643061643036363732313838366239343035
30353064366436386432343933393838393166323237373531623737303730346138333263373866
33646364653563663463656365353131336366656132633034386639353063363866666662326538
33643132316366383362333963393333306437613637356138383831356530646539376636646461
38323030383964636133383737653166346131396334343661386663306334623566346365663565
32353262303136393966333035646466646533353937326236623530623235373564346335353834
61343732643232396632373337383261636562356137323464303561333531613163376332343239
63373566393035613765393164346236666461343034326336343538323335323735633231386166
34623962313432623538623661623362613935613362643439333663313432633439643232306164
61333136363437653265353632323638326531623434663364633961303937396565386161366564
65616532656465363666613463623235376163356436396636626632643364326561353262393338
39353563323661646236363236393133653533313461343033316565623334633636653235313235
32666163643033633131333233343630363732313730376230323965646334336232306436323831
64383337386363626163386537396435343961663430356239356634666339613139316162643836
30373838643461663331323162343736316533623738373161383135303732616238383363363464
65316665663138303133343135356163353239356238323366386436636361356665393066333165
65333563363930613139653665353563616664643239646664323866363339343464306439346465
61623961316339393230326139323965303232643666633831373863303431396136396262616464
34653364323236323064313337613136323963643539643061393163383936333362616335376635
30316637343462363132396437656134356233376135373032613865613536323865316230646438
30356532396236333761383561306461666239633765393863613232393637353963306334643132
61643735333038633731373661616264303431383461643030616430656538646230346534323635
65313633303035643761346331336137643662303337386433333735613235666462373266366533
64613135633939386363653430656266623431613863313562303661663133633433646635626432
64633433313264373362323734363139336666326334363066383762306563383039633436323138
62306461326439656433386536323063626437353937663261366564313031656434353735383664
35653536353839333338346536626631333266653563613062333036306462376164356139623933
39333836613635393166393735653037323164613134383136326236313336313935353031353663
66633830613761356464653266376463326432363636316233656164313532643564366333333966
66653330363864366134383135633731343366333837323232623938363533386163636437653837
35396561653733323835383463316339656634643363646531396439346465656165383334346131
37623036666363326162376266623066646134303632636364616434626536666335633330356533
66396338313538316437616465306533616536633936303861663339373464333266393737643166
38376231643364626237313434643735666363373762346634663435306635326263386331646536
34343166643338613866623332353836646639666137663234636565333233363466653634613263
32316632396463376636383937643831313466383264643732303637626230666161396334616266
62386564343465373838636636326133356164386361623937393932373263396536616166316132
32616539616631373532373130623530663933313335323331633430356335306134623863633066
36326361373464323639666665303764636464643763343934326132613834653238633464303032
64613936666433653639336234376438383063393166373338313631393439636435663261373333
31636233393739303166346364323838613038646664663231653165356364313861323839373737
36383233653339393536646164623938356434333036633330623434646232373632326632356333
32633933633139326630393139643239656239303738306136376163373538386533373866303934
32323038386131656139363637346562333939333731626437623033633764636632336161346561
30333638356135373862303037363262353935616462333534643231306262303030656330656164
30666530366461343164326163393463373134383530326538653732633037333734333031313636
64316666356463363662353861373433666134396361643930323365623261353539633331626366
64666639623133356366623034636664316235366230633264316232306133396532326132353236
39393637396265363930643461396239323166653638353461323763636133366466376361356634
30646264396662326565346338326264353962383730396139646538613439616634646638646435
64653063353930333363343164333934316438613264626662663063616165653434633130323038
39656363336436643338666364633466393635303461366130303339646661636630633237376535
38646631396537346364396566643262663638383530343034306634303731373263346164373638
62316236326161306235613737353737306436393139326366376331376234383866393430623036
61376261663333646665386138623138353164343835366435663831356565323764313536313566
61363132376330643564663366656337313331306432663238323338623236653733643331333661
62666261643865363835343432393163653433623537346134623638346432663165393964616138
35306136333437653039616632643835663965386139393735363539326665333266393239653739
32636531653834326234326435633336316131336530633861373537366264323335393631656538
38363566636530376632653366373836626165636465393038346565303264613832656464333130
38366336636263303661643734336462333734363265383436343838366538643062626130363261
36336466633737313137383139393265316139376432383166356538313937633261306635636336
63353730326264383764356235326437633935313463646239636564613263623364666365316461
37623733643734333637396664653239383637663166393239396238333332626361306631303539
33383461333235653939653039376431366535306361366461313238323532396666646237353733
37373530306134656662386463323234653436633933386230323166393261623936626364636636
39373437393563343134336363613138613663656339373634313737356663656634336132303664
34366162636466343765363232346530316366623135396531326130666231383839663430333862
61333763366336663638353731323163623933363530613731666237383039613562386362643636
62643232313061346338333863336564643230633162333032326164663461666562343633633437
31316164376363376166346639303738363963646662333339363763636637363933376330366434
31343239366463626339643266383739626238633636666165663737393131326464636237623333
62326165656537353439653261316639356264323033663031666431653633346539663132616130
35633330633665396363343739323963623237333937636534343938323439313162343939396339
38343565303232633465376665346164393738663161626265363261323130333231346139393535
32656133623963633335636463353530613833653732396236663234633666366439396134366364
39613563643836303338363134656461356637383364376637383062623531663036653735626364
63303166306235346361666664323534353662313365646631303639646239663231363335306139
62353639303433376535626161376238303339376132623865633030373238393237353364366363
39353937356439633165353734623138313537653261323237316533396561386161393830613732
63663865396630626361373838633137336165353363633133343363306466363065633531366132
34613665313939623266306466346664366634333638383638313963373932323831393834613733
65316264616236393563346366663066363732393063336635303966323264643664346333383964
32643435623964366663353734653738323039306334323163656464636533623661353638383666
35656165613764313266333732623463386534616466666262613133336562343738316230663833
64363432376562373839336632383334336432373438386234383762636237663135343035626361
36343233323663376437316566653330373131326138366464373231663864353035316463306536
31373032616632643564333030623734303661653835366261623661623962356431643631616438
63333638383961653035396263326433653636396366653162653938623063346666303831366262
33303961316232646462653933386536323136376365346335336464343163366166616530393766
65366161373062313663323636663161373966633064336334613363636335623034393563343061
64333630326135616230613364323239346531306466393664663863356362383533306138643032
61336131313239316333363266633062323730363863363339386332303331376536356330326136
35353137613362343731343036366437336636643732363135353934306436376663333939366537
30313763336365393164663030393663636463646235646531303665313934656630626362636638
65613662333162323562393632363231383039633330626535343161353864346132366338383038
61363330663638333263663831353636613631653063366161646563353538383832356663336137
61656162333461356133333930323131653633386339623632313937653531313433616364393164
37363764666530666136343065393833636539313135356665613661346334633431666134663364
63313434326464396235386439646432333034646466376136333533626331653662343564396466
39363234643330353164616639666533623765393035396565343266306530313239646135383161
36326239313535343738323665313836313566303137623564313533636461623839656635663637
32613666333766616438316536623738393732356339663861323539383061633330323532356338
34663239333131623338633437386139366464326332326135363233393333333834353262333131
63356432326532396538663230326137633663663131363938666233303364383062343838636632
38646532326463333430613633333265623564396464366463396166396432376463343131376466
33613361373431353832383366323637363537373830323132303661343933353266326661373661
62323964623561333062653464383234323239633432663231303366363636306563313537313865
36393830366536356163336230633865396437666461356561323663663361383137383834323566
66633239386332323136643539386364326433363139323130373135346463643934663065636139
62383363396435353033623561393933373333626637316666323535323036373033316231323931
36643237646135363830653235653663613734646132623936393835353764353732383166373865
39663261363365373336643264613365383037363963626232613538306130656263306466383766
35366338366563393362336631363733666162306364636535343838313637343135353332346335
35653761653236336335323335366538623034643466373135326139306636323666393036613262
30376264653063613836663663336133643239623766623361353738373562633966646530643834
61316333656531396234623730393536636663346139663462653961343833376636616537306332
30613238323635613363623432376166363565613934323435323539316436316136343135353936
33363363393337323838353236663634356439306436376561343065656134643663393034666230
30653034306161636136393830386166383763623537383533333537386266663463666532303934
37633536313439383362313834356635313961623864346664353165613231653063316363306662
62663364636437353164663362646535666562613664323266396163333533663862346430363164
31626638643861313363343562376431373535353032613735633739646161376132626536373131
39376265613266646466653736343063346132636237373437626331353831653466303265626133
65613034636638376663656336333436613933616666393430643630373136396439613230336163
31666436633766343063366231393266613235316438383131613236356230663432376431356466
36343362343935363939383532303661343731313563613431366435626562343464313162393237
33376365316131646263393236343838653032333334663134626133306336663663303763373332
31383635306165383564373063663931313731636364333533376634633361396435376435383764
35313334613364386532396362663366396430353033643835653935393430626161393365326631
30666133663836336633336231643162626365336266323336336438346231363361616364333937
64306630636634643766333332656531323133666538643838393330366330323863393631643764
33373335643865643630386566363538616330656165633066373736303934396363613666613366
61363133306565336662386132336265333531656532653139373662336432306331646266633466
36633866346637366337396330393635656337306134383366636233343630376664366238326338
61303831393764636163323938613661633162666366396532383333346661386566333463316235
37383266653138633830373238663236383165643038626265653964393263663632336266656464
34653433376361396466353139663066353461656537306463323161383131653335613631306531
34386335393361383963666166343235666366663566626334636533626565326637646336373631
65366632363231653936356533633665323662343730313361363366363664663538653133303662
65366465623632323138373231316261383266633461653766303933326362303035313230333435
34333838396430363964383632306633383133653138393961383366336134303063313336346231
30626361393137363132613063356162643231383839333938613838323636306566646663326664
33303162313938373831343634376437366138343832613931366661333736393732346164646461
65353262646231393131643335356335646661316438613339343063346364343238336138336136
64353835326134303230
